1185

16, 111161, 161111. - 111111111,161.,11611 mo-
1111661111,

7.

1.16710.- 6. 11111.. 161, 56

1111616116.- 1111, 1.,1111.

1811161811-11111111116711111111111 111191666-1616,
ρ 11111115666551111
3 11611111111511111 111111
. 666666166.—6m06., v, 661. 416111, 11161,
.⁰ Β1111111611. - 1111111, 1, 161.

1116606766. - 1616. 61161661, 61611 775.
1116711118. -ι- 1610. 81161661.,1111’.11, 761, 8611.
uulnus. -·1111611., 11, 965.

mammen-s. 1610,11111.757; 1111111061 ;
111615177171661166111116...
1666611168 -76111111, 11, 676.

11111101111111 sctum. -11666, 11, 1185.
1161116666. ·- S. Hieron ., 1171, 676
1111111161-1-’11131131 161, 1611.

N ι

mennon (cyprius). - 111166, V, 1666.
mannus, -1171611.,1. 981, 991, 8118.
10111601 -11161.,1,111,111

0

01166666. - 66611111, 61, 151.

0616168. - 11611111, 61 , 155. - 661. 16111111,
66116111, 611-1616 61111611 ,616116661θό 16111,
161, 105 611), 168, 111, 115, 1871111167, 661. s 86,
650, 651, , 681. 706, 757, 711, 816, 617, 666, 661. -··
1161111166. 6113111. 6611. monachus. 66111, 686, 757.

P

6111716616. -11166, 6, 1650.

61611666166. - 1611. 611616.. 61611, 616

6171106188 (76111161). - 1111611, 6, 1650.

161.11106.-Α1166.6,1661

666161767161. - 7111611, 11, 661. - 1661161 ,1’7,
501, 567, 576, 661. - S. Hiemnym.. 11111, 616. - 66-
161. 0611116, 1116105 ·- 1166111. 11161.. 611, 111. 1111,
-1616, 61111661, 6671, 585. 160. 516, 665, 661756
mmffiffimmmw

66116166. ··- 16111. saresber, 61611, 106, 106, 170
0301 1010001010010006, 666, 666, 611, 656, 561, 666 (111),

6611106166 - 56111. 61161661, 61611, 166161,
675, 755, 1161. 775.

6666667666. -761116, 11, 85.
firmo (pythagoricus). - 661. 1611110, 61116111,
6671011166. - 661. Boetius, 11117, 1616.

6611080661. —- 7611011, 1, 656, 161 11 616, 600;
11. 19. - 1.161161.,61.111, 606. 556. 561161, 1111, 111,
memmffifflffimffiwm
61, 567. 565, 568, 716- 6. 616166.. 1111, 666, 601,
5963 11111,151; 1116, 17; 1161, 6111. - 6. augum„
711116,166;1116117, 7771 11111,707; ,1111611166
11116, ,101ς 1116, 156ος 7111611, 1151; 1111, οο»

1111113166 - 66161. 6681. 1116, 515. -r 1116111.
ἔὲ1101110001111, 115,116.- S. 1187111611, (11111111, 5511,
611110676661666. - 111166 , 6, 1606.
α1ἑ1060 68101066. - 111166, 6, 1016 - 16111. 61116661,
Puro. -7111111.,1, 101 et 600, 506: 11, 671, 670.
- 11666, 6, 616, 876, 767, 751, 756, 650, 651, 816, 865,
661, 615, 616, 1051, 1175. - 1161161.. 61, 1561551111,
1016106, 116, 115, 117, 118, 160167, 667, 661, 755,
766. 765, 761, 780, 805. - S. Hieron.. 11111, 166,116;
1111161-6111.. 1111111.111,116;1116661158,
m, 616. 6561 11111, 710, 711, 717; 111111, 110; 11 1,
2655 11111, 587; 111111,718,11.16, 105; 111, 681,
775. -- sev. Boetius, 1116, 515. - 1116111. 111111,,1“1 ,
1116116. - 16611. 6661.. 61111, 176, 177, 506, 755, 766.
- 611, 111111.,111,1116111,766, 017,,1015, 1161, 11:56,
1176, 1178,1507,1517,1516, 17.0. - 1616. 61111661,
81611518 1616), 565, 161 , 1011, 116161, 166, 568, 616,

INDEX 6661610661167116111011611.

1686

661, 566, 616, 651, 611, 615 1611), 610, 617, 666, 666, 501,
661. 666, 705, 766, 757, 756, 717, 716, 761. 761161,
671, 876, 666, 687, 866, 606, 667, 665, 615, 616, 651,
0010000060060101010685. -· 6111111111. 6111. 11661. 16611,
6117061111. - 71111111, 11, 16.-11111111. 11161.. 611,
Η0111116766-11166, 6, 1165. - 16111. saresber..
11111116111681- S. 6161611, 11111 665. - 16111. 6161,
61111111. - 1111611111.. 11611, 616, 661, 11,
8911111666. 7 661. 6661, 1116, 876. - 16111. Saros·
ι111111111111111611111.6111111166., VJ 1050. ·- 16111. 61166-
1111,,61611, 551, 556, 510, 511, 560, 588, 818, 616 (bus),
7111111116. - 7611611.,1, 550101 etseq. ·- 1161161,
61. 150,1 151, 151, 150, 170 111, 615, 5111.

16111161. - 11111 , 11, 1616.

6061οΙ6666. -11666, 6, 1606.

6607160616. -11611111, 61, 160. -· 16111. 61111·

11161.. 61616611.

..1111111116- v·
6176160616 6161761606161. - 71111111, 1, 5661
11,16.-1.161161., 11, 151, 506, 106, 115;1”11, 115. -·
s 11116161.. 1111. 1111. 111111, 111. 111 1611. -
,1..11,.,01111,111;111111,111, 11111, 111 111111,
111 11111-νῖ 1111’311111111911111111111’1111111111
001010100100011611, 6116116111, 611, 666, 666, 666,

01111711111118. - 6611166166, 61116171, 708 -·
16611. 61161611,61611, 676, 608, 651. 670, 766.'16²‚

mwwmmffimmmwm
6611116 1111161-1111 1111111.. 61611,166.

11
66668 - 16111. 61161661, 61616605.

S

6116667166. -6.61616111111,1161, 657. 16111. Sn-
1111661.. cmx, 758.

6166061666. -111166, 6,1177.

SENECA. — 7611611, 1, 515; 11, 16. -· 11611111, 61,
157, 560, 561, 676, 766, 710. - 6 Hieron.. 11111, 680.
-- 661. 16111111. 66116117, 151, 165, 165, 667, 550,

’ 655. 556,667,660,565,1055, 1651. -16111, 61161661,

cmx. 587, 758, 710, 768, 7611, 856, 865, 871. 0111.

’ 6661111116.- 1016.611611111.,1“,11’.11,188.

61111111111161-1113, 1111, 1110. naban.
11111.,011.110,111. “ 0

6014111766. -7111111, 1, 560, 161 11 111,, 5001 11,
6”0. - 1111111.,11.555116116-6. 11161111.. 11111,
678, 670. - 16111. saresber.. 61111, -’“ 88 505. 525, 516,
161616, 611, 611611, 111). 611. 111, 111, 111, 111,
7111161618 1611661616
0010011οι001 - 11161111, 616. -1111, sacam..

66611111. -11111, 1, 1116.

··

6757166. - 16111. 61161661, 61611, 110, 115.

1105; 111, 667, 668; mm, 850, 667; xm, 600, 5013 670161. -7111011., 11, 16, 615671.- Laetam.. 611,

’ffimwstwmmmmmmm

68¹, 711. - 6. 6111611· m. 1111, 61ος 111111, 616; 1116,
11,-..1,11.111111165111,
1111616 111111, 116; 1111000ιο, 01010 ι1110010101001110100 00
111,111111161111-111111111116.,61611111,111111,
mmmmmmmffimwm
0 1110181101ῐέΞὲ11000111ἓὲ1006111111, 1161. -
6111.1161·.,. , ,1,1.

Τ

7161766. -16111, 61161661.,61611, 788
1,7611667166 - 56111. 6116161666, 61611, 186, 856,
611111666 61166166. - 7611111, 7, 50ος 11, 655. ·-
11611111..1’1. 156. - S. 11111.,·11,1,166, 586. -11111116
61111, 011, 115. - 1611. 61161661, 61611615.

 

