1111

1611, 105ος 111, 519, 1115ς1111,6110. -61111111811111-
11111111. 616. -11111111111, 111, 550. -8, 1111111111,
1111, 1115, 111151. -8.111,;1111.,11111, 116, 1119,
1161; 1111111, 1115, iiii, - S. venus 1111110101, 111,
119, 111, 116. 110. - S. 110 Magnus, 111, 165, 111, fiii,
101 , - S. 1111111111 11111111, 1111, 151, 501, 515, 566, 51111.
-· Cassiodorus. 111, 116,111.

611. 11111. -111 1111111111ιί11 et miraculis
(i'iciu Cursum 11111111151111, 1100, 1105.)
i-mfflmmmffi

’1111111111.,’11,11, 15, 511, 518, 617, nun-Si: -
pruni, 11, 115, 511, 5511. α- 11105111 11111, 1, 161, 111,
1110. - 1111111111. 11, 511, 1116. -111111111111111, iiagnus,
1111, 1511 - S. 1111111111, 11, 106, 551, 501, 151, 801,
805, 801, 615, 1018; 1, 80, 89, 90. - S. Ambrouus,
11, 1111111111, 1111. 1111; 11, 1111111111, iuun
111, 511,111; 1111, iiiii-9¹11). — S. 6116111111, 11,
865. - S. 1111111111.,1,1”ΙΙ, 5116111650, 1115; 1111,
115, 50ος 111“11,155,,85, 80, 1110,-,8. 1111111111, 11111,
1115 1111111.1111111111111111
606, -S Leo ⁵¹²³¹3½L¹vi=SL 7- S. 11111111111 11111111,
111111111111151531111111111111
519, 5519188111018, 1010, 1086, iiiii-'suum 1111,
111, 1111. - S. 8111110 Asinus.. 61111, 165.

11. - De miraculis.

Teriuiiiun., 1, 10ος 11, 515. -8, cyprian, 11, 118.
-111101111111111, 1, iii-iiii. ·- 1111111111, 11, 185,
iiio, 101, inu.- 6011111111ιί11. 1111, 150. - 5. 1111111111,
11, 511, 511, 516, 1169,061,6111, 966, unu, 1601. 11τοῑς
1, 61119, 119, 150, 181, 191, 105, 106, 505, 561,
588. 111, 516, iiiii-S. 1111111111,111,685, 1168ς
1111111111, 1011. 1111, 1111, uun 1111, 111, 111,
111, 111. -111111111111111, ,111, 111, 111, 1111111,
661, 611, 610, 110111-6.1111111111,1111111118,
8113 11111, 811 1111, 65; 111, 865. 100ος 11111, iiii,
81, 111. 111.116.-8.11131111111.. 111111,511; 1111,
1611, 1811ς1111111,160; 111, 608, 151, 150.-1Ι1,
509, 510, uli-S. Maximus 11111111, 1111, 1611116,
118, 609, 610, 611, 811. -S 11111111. Noun, 111, 611,
861. -111111111111111 1611,, 11115011, 166-61111111111111.
111, 105, 1011851811* 61101111111111).,1.11ΙΙ,111.-
8. 111 unu 1111111..6111111-1111111111111111 ,6111111
1611,-1111111 6011111111, cxcviii, 15611501.

cn. 111,-01 passione Christi.

111111 Cursum 1011021ξὲ..) 1111, 1110,· xxvi,

111111111111..1,100, 1151, 1151; 11, 111, 195, 511, 511,
511, iiiii. -S ciprianus. 11, 181, 196, 165, 101, 551.
··- 111151111111,1,801,805. -111111111111,11, 1115, 101,
501, iiiii-s. 1111111111, 11, 550, 516 110, iiii. 180,
11111111116111111.11111111
1111,1111,1111,1111; 1111111111, 11111, 1111,’1111ξ
1111, 1115, 101, 501. 565, 566, 1001. - (11111111 Seduiius,
111, 111. 111, 115, 1111, 151. -8, 61111111111,11.1155,
111-111111111111111-11111111111,1111111111,
1111111151 iiiiii}iiiiii-..iiiiii
511, 515, 588. ibi. -S. Angusiin.. 111111, 515, 116,
011, 1105ς1111,1155,1186,1151. 1108, 1199. 1801, 1811,
11111, 1111; xxxvi, 11, 111. 111, 111, 111,1111,111,

611, 605 858881. 1108, 1811; 111111, 1116, 1151, ’

iiiii, 1108, 1111, 1818, 105111111111, 151191159,
1111, 1061, iiiiii, 1101, 15118, 15119,1115;,11111, 1515,
iiii-n 11, 181, 155, 555. 611, 616, 656; 111, 118, 510,
11:52, 511, 551. 585, iiiiii, 501 ; xiii, 1011911911, 111,
1111, 111- S. PrnsperA 1111, 11, 511, 551, 1011, 618.
81111 111 nus. 111, 111581-6111111111 Tauriu.,
1111, 5115515111, 615. 616- S. Paulinus 1111111, 111,
518 611,,151. 158-1111111111111 abb.. 1111, 611. 691,
691, 911, 1011, -8, 11111111111111,111, 115, 111181,
1110, 101, 511, 105. 161511-111111111111, 11111, 511.
-1“1111ο11ο1111. 1111, 1155. 1118111, 16, 171155,
151, 1111161,118,110,1111,108.560,510.101, 505, 591,
101, 101, 161161, 181. 181,185,186,110, 180, iiii,
1111, ,111, 111, 11111, 1111..-’1111, 1111, 111, 111 -
5. 1111111111, 1611, 151-1, i‘auiinus 1111111.,1611,
1101581581, 1811-- 8111111111111, 611, 660 -611111111111
11111111, 111, 51,-. 11111111. 1111111111, 11111, 115. —

iuuiuus PATROLOGIAE. ·- 1111111 XXV.

1111

111111111111, 6111, 185, 181, 515550-1111111111111.
cuiun, 6111, 101, 500, 661, 811. —· 1111111 bunun,
61111,655;1,111, 61. 61. - Samuel 8111111111111,
cilix. 515.-1111111111111,11, 115.-8 81111111 ¹ anius.⁸
1111, 1110, 8115 -Guiiunus, 1111, 506, 111,, 611,-
6111111111111111, 61111, 155, nui—s, 1111111111 11111111,
611111, uin-S. Brunu Auens.. 11111, 15111151,
596 116, 161, 161. -01ος1111111111111, 11111, 1511,
-110111111111 1111111611.. 111111, 1115. -- 6111111111,

abii.. 11111, 105,-8. ὴ1111111111,61.11111,111.-

1111111·11111 11111111,1“.1.1111’1, 11111811. -11111111111111

6111111, 1611, 1656,1611.“- nanninus, 61611, 111.

--· i'uirus 1011111111, cxcviii, 1611-1651.

Cin. 11. -· De morie. sepultura ei 61111111
curun· 1111 inferos.

(11111 Cursum complet„ 1, 1166,·11,111,
98511111,1110; xiiii, 311ς111“1,165.1

Τ1111111111111,1, 101, 101; 11,101, 611, 611, 111711
-111111111111 111111, 111, uun-S. 61111111.,11, ffl-
Arnubiun 1111, 1,, 801-111111111111, 11, 181, 5811111
151, 111, 6111511. 5ζ8. 5551161-8. 1111111111,
155, 1611 ς 1, 55186188, 1110, 5611, 510, 511, 590, in,
111. -S 1115111111, 111, 516, 801, 810, 11111
1111, 1111, 1110.1111,1151.-11,1111116111,
111, 101, 116, 181, 511, 515, 550, 511, 815, 8 6, 811,
915; 1111, 10, 80, 111, 118, 168, 160, 111, 111111,
115, 551, 1511, 151, 511. 515. - Uelius 8161111111111,
151. - S. Gnuuunuus, 11, 616, 861.-1111111118.

x 1111111111,111111 ,1681-1111611111 iunii.. 1111116111.

-811111111111,1111501501,111,101,811;1111’,115,
1111111, 1111111,11111111,1111,111.511,111,11,
1110111121111121111..uun
11111, 1155111115, 11151111 111111, 11111111
1111, 1906; 1111111, 156, 685, 110, 1061,10115, 1111,
1111, 11111,1111,1111, 111111: xxxix, 111111, 11111111,
iiiiii-{iiim 11, 181, 101; 111, 510, 511, 619; iiii.
191, 110, 181, 888, 1011, 1018ς 1111, 1011161.-
S. Ρ1111ρ11,111111., Li, iiii, 165, 166, 118, 111116,
111,1111111-1111111111,1111111, 111,-1. 111 iau.
1.11,11 i, 516581. 105, 000. insu-8. 111111111111111,
1111, 551, 511, 5111615510. -6111111111111,11111, 1111,
iiiii. -8, Faustinus, 111, 101. - S. Pauiin. 111111,
111, 101, 111165, 551, 555.-Ε1111,1,’11111111 111,,1111,
1111,111,111,1111.-1. unigenum, 111, 111, 111111
111, 111, 111, 1111, 111, 111, 191, 111, uuum
-1111111111111,11.1,11, 11, 111, 111, 1111111111
160, 101, 105-101, 110. 111, 516, 586, 581, 111111
111, 111, 111. 111, 111111-1111, 1111. 11-
S. Ι11110111111111111., 1111111, iiiii. -s. 1111111111
Tulei.. xcvi. 151, 151, 155. - Pruuonuus 1111111·
611, 915. - 111111111111, 6111, 180, 181. -11111111
1111111111. 6111, 15. 61. -1.111111111111, CL, 110, 101, 111,
168, 510, 505, 596, 105, 101- S. 811111061161111, 1111
955; 111111, 51. - 6161111111, sivi, 5118, iiii. -11111
1111111111, 61111, 6511. -8, 1111111111. Canium, 11111
566. 569, 510, 511, 108. 1111111. 115. 1111. 111111
—S. 6111111111111, 131111, 110, 811, 1161 iiii
181. -111111111111111, 11111, 1165-1111111111111
usiod., 611111, 1116-511811 de S. vicione. 111111
1; 111111, 11,-111111111111111, 1111111111
811, 618. -Ε11111111111511.,6111111, 1611,-111111
iiiiiiuiiiiuii ⁸⁰⁰³ ⁸⁰² '⁸⁹¹‘OE ⁶³⁸⁶*

611. 111,· - De resurrectione 61111111.

(11111 Cursum comptiei. 11, 113; 1111, 1111
e seq.

1111111111, i, 101, 101, 191 ; 11, 1151165166 111
*S 61111111, 11, 11111105, 116, 111. - 1111111111.
11, 111, 111, 111, 111,-1,· 111, 111- 1111111111111
101,-8111111111, 11, 111, 511551, 515, iis, 11,
suu, 111, 111, 1111111, 111, 111, 2111: 111, 111
561581-8. Zeno, 111. niu-S. Ouinius milenum-
111,-8. 1111111οεὶ111, 111, 610,111,1181,1111,1111;11, ,
1816; 111, 1011111110, 561, 562. 511, 551111
iiiii. -Cuiius 8111111111, 1111111111, - S. 6111611111
xi.8151.1118.- iiuiiuus i‘aizesiinus, 111. 1111- ¹
S. 1111111111..1111.510,561,185, 'liin 11111, 5111111
1111111110, 111. 1156, 1185. —- 8. iun-inu..
111111, 511, 518, 615; 11111, 11, 5115, 15111111
iiiiii, xxxii, 151, 666. 191; 111111. 1151, iiii. 11111
1100,1101; 1111111111611,111,115,111,1111.1111
10:11, 1111, 1111, 1111, 1111,1111,1111,1111,1111
1111, 1111, 1111, 1111, 1111, 1111, 1111, 1111, un

 

