1011

1111110111 11110160 0016001661610110110, 611111, 611.

8160110 110600υο610 11031610 1111, 1601. 11016010,
Εχ111111οἰ6961111111,1101.1111611111116,11.

1616610166. 60610616 1111, 0101. 161660 11111 8. Αι-
”“1ῆ11111111111ἒ3111100111, 016. 0611116116,
mg] 16106161 episcopi 1111, 1601. 1161011166 6111,,61111111,
5116611611116161 16110 61,, 011110,
51111111111. 116101111111010
ῦίὲ. 160611 111101 translatio, 1601. 160660, 6111111,

s, 11010111111111,1601. 160060, 6111111, 661.

S. waldeberti 1111, 1601. 160060, 6111111, 661,

Ι S. 11101116611101111,1601.811016610116, 1111111,
1061611161 1111, 1601. 1011160 61061060, 6111111,
’δὲ 11111161 61110611, 1601. 1011160 60610116, 6111111,
’911611601611111601 1616110 6161111116, CXXXVII,
851116101111οε61110111 1601110160 passione S. 61666111
ωᾶ11161161111χον1ἓεῗ65311601601 60 60001060 S. Pelagii
111111111111,,111οι
ωἳιὶιῆιιιιῖιποὲιηιοὼ 61οι1101 60 conversione Proteru,

1110106111ιο1 61016111 61011101 passionis S. 01061011 01111,
ffiffiyi’ffighsffrflaffeuiea 81160110 virginis 01

,810010 1111161606111111, 1001. 1010 presbyt„ 161116
61010616166111111, 1160.

11111160 8. 1111606106ιο 611116, 1601. 10160611. 16
11101οι61116, 6111111, 1166.

S. 11661161 1111 16011101,1601. 1000116, 61111111,
Z} 11160611 1111, 1001. 11616160 61661060, 611111,
50ῗ.1.16ι66661 mart. 1111, 0601. S. 11111060, cmlx,
801111160161111111 ιι 60 miraculis S. 1100061011, 611111,

11160111 1101106610 1111, 1601. flavigero, 611111, 1101.

S. 1166611161 11111601.110113010,611111, 1109.
1ιέ 1110111111 abb. 1111 61011101, 1601. herigero, 611111,
¹ S. 1111111161 1116160111613010611111, 1111.

8. 1101111011 1111, 1601. 11011010, 611111, 1111.

S. 116601161 1111,1601. B. 6100111016, 611111,
ι211111111106101111, 1601. 606011666011111110, CXXXIX,
¹⁰3⁸.) 11061101 imperatoris 1011, 611, 0.

81110100660οῗ66610 1610011111οι0 1111611.. 101.

S. 1101611161 1111, 1601. ’16003101ιο presbyt, 611,
58Ξ.1100661061161010611,11111. 16 1616061066, 611,
amm 11601160 60 0610001110 1161000160, 611, 111.
116ιο111161 1111, 611, 1105.
8160110 111166ιὸ10 1111. 1601. 1601110166,611.,1091.
ωί118111611211111010110601 11110160 miraculis 8160110 Fidis,
S. 16610111ιὶ11, 1601. 8. 16160116, 6111, 615.
8. 6611101161 1111, 6111, 811.
1661100 S. Benigm 0111060660, 6111, 811.
1101311610 110160 11101 1161101610ςί0, 6111, 0611.
11100131ὲὸ0111] 1111οι 60 1111 01 1111661160 B. 1660116161,
(311116016110116 60 1011106110 01 memoria B. 1166101161-
1611161161, 111. 11111016, 01111110.
16301116611111, 1111, 1105.
Ηξίο1110111ι11 1111 16011101, 1601. 1010111610, 6111,
οχίέῗῖωδθῗρίω. 0011110 60 conversione 0160101116,
8. 661110116111111. 0160606010 1111,1601. 11066116 611-
111,1111611111’1190110660 06100601 1111,1601. 16001610 01

1101116610 61660160, 61111, 16.

INDEX 0111111111 1111001668.

1011

mgfflffl? Qniaeensls 11111. 1110, 1601. 10101160 610-
1616016011. 1611611611 01111111.

εχ81161οι916116111101110· 1600111110101111, 0601. 8. 0611610,

ΕΣ8ι166101161160160 1611101111, app. 16 8. 06116606,

· S. 1110311116 mm. 1110 ,1601. 11016060. 61111. 1111.
1111111101 0 ise. 1111, 1001. 6111610,0111,11,1111

126111661161 6011610011101101111,1601. 1116606061111,
ξ. 1111161161 1111, 1601. 1661 616, 61111, ,1111
1111111611111011111111·

c ,11101161ξῦ60 morte 01 6611061ιο S. Leonis 11 μμ,

Βι,111111161011161 00161110, 1601. 06660 16661066, 611111,

6161111ωέ1111 1111060 1610111101, auct. s. 061110,
S. 11161116 1111, 1601 1600016, 611111, 1115.

SS. 1111161 0111001061111161 1011, 611111, 1116.

8. 1660610 1111, 1601. 16061616, 611111, 1617.

CXS¹¹¹ 1101ἷί1 {hmani 1116 ιι, 1601. 161660 1661110110, 010,
88. 1111116616 110110 0116011161111, 1601. Petro 111-

6111110, 61111, 10111.

S. Petri 01611161 0111601116 visionum martyr. 1110116101
1100111, 61111, 1011.

01111061 liber 60 0610 10011116611161, 010.. 61111, 11.

8. 1101111001 1111, 1601. 01111660, 61111, wi.
ω(1111ν11111111ἰ191116101 S. 11010116111611. 168 0111106661,

S. 11116. 6611110111 ι·111,1601. 01111066161111, 681.

nomentanus 60 8. 6611110110, 61111, 105.

m} J. 6611101111111,1601. 1111011111, 61111,
8. 1101110111 1111, 1601.110601611611111.,61111,1110.
S. cerami 1111, 1601. anonymo, 611111, 1006.

Εχδὶὶ1161111111411111101 61110611, 1601. 8. 0011166 abb..

¹ 8. 11011161 111101 61110611, 1601. 10101160, 611111,

1(ἰὲἒ1016610 11010111006010 1111, 16οι. 10101166, 61111,
8. 1661161111 1111, 1601. 16061610611111, 1160.

S. 00111161 1111, 1601. 160611116611111. 111111.

8166011110660111101 passio, auct. 11011160,611.1111,
126180066611111111, 1601. 1161110110, 611111 11111.

S. 16011 6111111111, 1601. 1161110110, 611111, 1501..
Εἶίνῖιιιιεὲιξιιι 111 1116111111, 1601. Paulo 01606ιο0,
Εἰ8ίν111111118171ὃ61 1111, app. 16 S. 0100011616 111 1110.,
ΕΧὸΗΤΙιῆἷυὲιᾶιῖη 1111, app. 16 8. 6103611661 111 papam,

8. ,16101011 1111, app. 16 8. ’6103011616 ,111 pap.
0111111001.

1111111161000611110001 1111 16011101, auch-Domum·
ῃθ1Ἐιιςι10111111111ς11ω1001101 11101. 16061160 6111111 1010.

8116161100111111106106 6161616061. 1111, 1606011101-
ῃο691111110111511 1606101ιὶ 1111, 61111, 115.

1,111οι·601ζο0110 1100160111 1110. Montis-Casini, postmo-
66111 11010110 111 papae² 61111, 011,
,1,1ἑ111ίιί1111ἑ.611ἳῗῖ6001011010011, 1601.111“.101160 110111106-

- 1111111001 6161611106010 episcopi 1111, cl. 0.

8. 11066101 1111, 1601. 61100016, 11111111 1161116ου10,
6111191116 abbat. ucecensis 1111, 1601. 1111060, 61,
7111606611 1111, app. 161161116ου6, 61, 111. .

1600111161 11110 0066066661160. 16 1160160616, 11 ,
7511111161 1110066110111611,1ρρ.161111111016, 667111.

8. 1011101161 1611101616 episcopi 1111, app. 16 11111116·
ω11111111161111111.1111, 1601. 11016660 16661016, 61, 680.

1110100611 1110 61016011 S. 1160061 1 ’111066οι166
Ιιπ81,9111110111101118191601060111111111101111, 1601. 1111101616,
0146111ζὶ61τῶ 1111, 1001. 11161666, 61,,1100.
ρο81111010ι 56101601066 11101610 1111, 1601. 1116110600ῃὶ66

 

