113 INDEX STXTISTICUS IUCIOIIIJII 151

stephanus S. II. E. 1116111111, 1668, CXLIII, 1166.

1111111111 11111111111111 .

1111111601 IInInIerra 1161111611, 11611611, 11181, CXLIX, mamm θωπί, 11118, CXXXIX, 11111

1ῦὶ1111111111111111111111, 1111. 11611, 611.

1111111111 nantcharius Gallus, 1106, 611, 995.
1111.1111111111111., 1111. nn, CXC, 690, 66, 1118.

8611116118 6611111161, nonnum, stonIAE. IIII'IIIIAE. '

1111111111 1111111111.

1111111111111. sedis forsan 111111, 961, CXXXIV,

9111111111111111..111.11111,1111,

61111111111111111111 S. udalrici, 915, 61111, 1001,
11111111111111111. nd S. 61111111, 1155, CLXX, 856.

1111111111 1111111111.

61118.)111111.,1151, CLXXIII, 1511111611 611111161,
1111111111 episc, 1111616111161.

11 1111111111 1111111111.

1111111111, 1076, 61111, 1511, 610.Ι 660.
1111111111111111111.,111.111, CXCVII, 161.

11111111111111111111111 (1111111111).

111111111111111111111611611111111111111, 9916111111,
3111111111111111111111111 Gandersheim.,saec. 11616111,

1111111111 6111111111.

111111111111111111111661, LXXXVIII, 1166, 1161.
611111111111111 . 1611, CXXI, 511.

1111111111 1111111111 11111.,1111. 11, CVI, 811.

11111111.) 11111111, 9115, 611111, 11811.
111118.1111111111., IIII, 611111, 1511,Ι 1585.

CLXIIm (6.) Canthus. 1111111, 1111161111111, 1100, CLII-
11111111111 ( 11 1 abb. 1111111111 , 1111. xn, CLIV, 101.
Η1111111111 111111111,1151, 61111, 151816111111,
1111111111 ex 1111161111111111, 1151, 6111, 865.
InInVIII⁵n²¹nIIXXIIIIffl-
1111111113, 1111111111, 1111, nnn, seq,

11111111, 11,
1111111111, 1111, 1111, 1111 1111111111.

1111111111 decan.. 1111. xn, CXCVII, 115.

nnn 1111111111 , 1111.. 111,616111,185.
1611111111111111.,1111. 111, CCXVI, 1665.

In 1111111111 6111111111.

111111111111 11111. 111111111111111, 898, CXXIX . 866.
1111111111 XInInsIeIens. 5111111, 1612, 6111, 1569
0111111111111. 11111.. 1111111111111.

1111111111 1111111111.
1111111111, 111, 1111111

111111111111111, 1090, CL, 1568.
0111111, 1111, 1111111, 1111.

1111111111 111111111111111.

11111111, 111, 1111111111.
1111111111,11111111111111.
δι11111111 111111, snt. 11. CXLVIII. 1111.
1111111111,1111,111111,111, 111.

In dn'oeoen' 11111111111111.

1111111111. 111111,,165,1.11111,1111.
1111111111. episc, 111, 11111, 1111111.

1111111111 1111161191111.
Vulnus 11111111, 1111111111, 1111.

1111111111 1111111111111.

[mnus nornen, 1111, 11111, 1111.

In 11111111 1111111111111111.

,Vm 1111111111.,1111,111,115.

1311 arnus 11.) 1111111111111111,1111.
11111111111111111111, 111111111111.
'¹¹¹0 1111, 1111111111, nn.

In 11111111 11111111111111.

11111111111511111 111 111111111111111.
1,,1111111111111..11111,1 111111.

no 1101111111, 1019, CXLVII, 190.
1,,’111111111111111,11111111, 1111.
Qunam 11111111, 1156, CLXXXIX, 11111111,

1111111111 1111111111.

³I4I3enrinns episc, 1119, CLXXXIX, 1119, 1518, 1550, ,

111111111111111111111111111. ·
In 11111111 1111111111.

1111161116.) 11111.,111111111, 111 LXXXIX, 591.
IVIIIIbaIdus dIsprnIusS 1111111111,’11’1,111111, 661.
1111111111 11111111111,”11“1, LXXXIX. 115.

1111111111 diaconus, IbC,XI1VI, 655.

1111111111 1111111156, XCVI, 1156. 1111.

8111111111 (C), I'uIdensIs 11111, 116, LXXXIX, 1151.
1111111 (ss, 111111.,16”1,1611, 810.

11111118.) 1111111111 11111.. 111, 61, III.

Cnnanns 1111111111. monach , 1110, 61, 581, 611117.
1111111161181111111, 1111111111 monach, 819, 61111-

CXIV.

11111111111111111111, 856, 6111-6111.
11111111111111111111111,1111111. 11111111 1111111, 1111. 11,

nvn, 11.

1111111111 archiep ,881 CXXIX, 1051.
1111101111111111.,911, 61111, 1186.

111111 11111111.,1651, 6111.1169; CXL, 1658.
8111111611 111111., 1015611111, 11501 6111111, 156,

Im.

Ioannes 8111111111111111111.,111. 11, 61111111.
11111111111111 1111111111.,1156, 1111111, 1115.

1111111511 ζ1111111·111111111111111.,1117 CLXXXIX, 1155.
nenncus 1111111.,1111, 1111111, 1111111111,

. 156.

Α111111111111111111.. 1118, 616111, 151.
11111111111111118 1 abbatissa, 1118, 6116111115.
6111111111111 1111111111, 1111111, 616111, 158.
11111111 1111111111. S. Albani, 1181, 6611, 622.

111 1111111111 1111111111.

conpertus 11111111111111111, 995, CXXXIX. 5611.
’1111111111111 ’1’11111111.1111111111.,1005, CXXXIX, 511
111111111111111111. 11111111, 1011, 6111, 1868.
1111111111 111111111111, 1050, 6111 1511.
1111111111 abb. 'I 11111111, 1010, CXLI 1515.
1111111111. negans„ 1111111111, 111.
116111111111111111.. 1018, CXLI 1511.

1111111111111 11111111.,11111, CXLI, 11115.

11 11111111 monasteriensi.
1111111118.) 111111111111111111 episc, 1109, XCII,

1116.

1111111111 ense.. saec. 111,1611, 110.
11 1111111111111111111111.
1111111111 episc„ 1110, 6111, 965; 6111111, IIII.
1111111111 0111611111.
611111111111111., 891, CXXIX, 8011.
1111111111 111111111111111111.

’111111111111 canonic , 1019, 611111, 551. .
11111111.111111111,,1119, CLXXXIX. 1111, IIII, 1119. ¹

Conradus abb.. 1165, CLXXXIX, 1159.
1111111111 Ραωι1οη11111.

1111111111 111111.,505, V, 181,
1111111111 1111111111.
1111611111 (8Ε111111.,1191, CXXXVII 8911.

1111111111 dux ο1111111, 1059, 611, 1158.
Connus 111111111111111, 1115, 61111, 9.

1111111111 11111151111111.

1111111111 subdiac, 899, 61111, 891.
1111111111 1111111111. 1111111111, 1010, 6111, 985, 10110

0111111111 11111111. 11 1111111111.8.11111111111111111 11111-

aben„ 1615, 61111, 9, Im LXXXIX, 651.

otkerus 1111111111, an. 1111111, 611, 691.
11 11111111 1111111111ωὼ

6111111111 (111.) 1111111111, 1166,616111·61611

Δ1111111111111.,1 15, 61611, 1189. Δ

1111111111 8111111111111.
’111111111111111111111111111111111. 11, 61111, 51.
6111111111 1111111111.. 1011561111111618
Ε11111111611111111111., 1 5161111, 15611.

6111111111111111111, 1111, CXCVI, 1559.
161111111111111111111 11111111, 1118, 66, 1511.

1111111111 11111111 ’
nannenus presbyt. 11 monach. NemeInnsIs‚ 1919,

CXCVIII, IIII, 1166.

 

