115 ..

01111, Δ1ς111111111.,965, 011111, 1001. ,
1110111111111,1131101111.. 910, 011111. 515.
1111111111 (S.) 0111111111..150, 111, 1181.
1111111111, llamllurgens„ 11110111. 985.
1111111111011111011111, 1110, 011, 1159.
vaso, 11101111, 10111. 01111. 115. ’
Vetanus (8.) 0111111111, 586, 11111, 111.
11111111, soll. 111.,111. 1, 1111011.

11111111. 1101111111.. 1111. 11111,115

1111111, sed. 111., 190, 1011, 1101.

ἔ 111111, 1111111.. 180, 11111, 115.

³ 111111, 1111111, 555. 111. 511.

ι Victor. 1111111111, 550, 1111111151.

Ἴ 111111, 1111111111.. 556, 111111, 951.

111111, 0111111311111..610. 1111, 055
1111111111, 1’11111111111.,505, 1, 181.

, vienni 11, 0111111111111.’,100, 1 ln, 1015.
ligillns (8.). Tridentinus, 581, 1111, 95.
11111111,11111110011111.,610. 11111111. llos.
1110111111111110. 111... 680, 11111111, 1100.
11111011. lnc. 111515, 11111991.
1111111111,0111111111111, 1150, 1111111, 585.
111111οι111, 1111111111,ο 11110111, 1155.
11111111. 11111111111..1109,1ἶ111. 1115.
walprandus. 11111111, 1511. 1111111, 1105.
walramus, annllnrgens, 1110, 0111. 985.
1111111111. 111111111111.,801, 0111115
1111111111,11110111., 11511111111. 1159.
willelnus. 0111111111, 005, 011111, 1001.
widegernus, 8111111111111.. 1111. 11111111, llll.
1101111101. 1111111111, 11109, 1111. 961.
1111110111, 11111111.,111. 111111. 1151.
wilelmus, 1111111111.. an. 111., 1101091.
110111111110111, lllll, 011, 1111.
1111111111, 1111111110011111, 1159. cle, 1011.
llil 111111, 1111111111111 ,111. 111, 00. 1105.
1111111111, 0111111111.. 111. 1111111. 1018.
1101111111, Sapiens , 111. ln, 01, 1595.
11111111111111 (b 1, 011111]1111111.,1ῐ»9, 1111111155.
nonen, l'lonslnnlem.. llll, 01111, nnn.
1111111111, 0111110101111111.. 1151. 1111111, 9.
1111111111110. 111. 111. 111.. 0111111, 619.
Zeno (8.),11111111, 5111, 11, 9.

vl. - Cnontnlscon.

1111111111 symphosius. nenne.. 850, 01, 815.
11011011, 81111111, 1111011111. ¹
’1111111111 ’1’111’11111.,815. llll, 101.

willelmus, 01111111111.,1111. 11, 00, llll.

111. - 11111111110111111111.

0111011111 (8.), 11111111.,515,1.111,115.
11111111) (8(,011111111111 1101. 011101111.
1111115, S. 11111111, 1111011111, 111.
1111111110111, camaldulen„ 11111011, 1119.

8111111111), 01110111111111.,1111. nl, 001, 1011.

1111. ·- 8110111111.

1011111111,,1111111119191 011111, 1509.
ffissfflfi'sf'ssss'lflhssnellssf'f 1151111111.
Anbn, l'nslngens., 1090, 01.,1501.
1111011111, 1111111159, 0111, 1197.
1111111111, Pannona„ 11111, 00119.
llerongarlus, 1111, 01111111, 1851.
necandus, 1101111111.. 1019, 0111, 115.
1111111110111, l. 111., 1019, 0111, 115.
1111111111, Anguslnduuens„ 510, 1111. 619.
franco, 1110111111, 1111111, 1111111, 1515.
91111311111 111., 560. llll. 1105.
0111111111, 'lul-nan, 1101. 0011. 119.
0111111111, 1111111111.. 1059, 011111, 1551.
anecllinns, l. inc.. 10511, 011111, 555.
111111, l. 111., llll, 011111, 1001.
1111111111, 1. inc.. 111101111111. 1851. ’
1111111111111111111, llll2. 011111, 1188.
1111111111, 1. 111., 801 1011. 521.
1111111111. 111., 1101111011, 1505.
101115111011.1. 111.,111, 111, 911. .

· lludolpllus, l. 111., an. 111.,01111, 59. ¹

11. - 11111111.

1111111011, 11111111.,1119, 01111111, 9.
1111110111, 1111. 111., 1150, 01111, 1519.
Anno (8.). 1111111111.. 1001, 0111111175.
Amnon, 1111001111111..11. 111.,1011, 1119.
1111111,111111111111111111, 1901, 10111,
(1011110111. 111111, llll, 01011, llll.

lnnlcns 1111111111. -11111 nl.

.1011.1111181111111·111.,851, 011111 1119.
1111111 (1.1,111111..,111,11,111.
1011111111 (Sl. 5111011111.. nnn, 1111101111.
10111111, 01 11111, 111. 111., 010111. 1911.
10111111811111 1111111111, 11110, 0101111, 97.
Adamas, l¹orsenlae‚lzln‚cclll, 519.

1101111111, 1111111111.. tn. 111.,1ἶ11111,159.
1010111111..115,1.1111ἸΙΙ, 1161.

11111011, 1111110111.. 1165, 0101, 105.

- 1111111111 (8.), Sl'nlo 11111111, 615. Ι 111511.

111111. S. 91111 1111111.. 1151111111, 1105.
11111111, S. 1011111, llll, 111111, 1191.
11111111111111111111111, 111. 111, 010. llll.
11111111. 1111111111.,1001.011111. 581.
1111111111, 111111111111, llll'l, 01111, 10115,
1111111111111111111111, 1111111111 , 801. 0-01.
Alexander. 0111111111.. saec. 11. 01111, 951.
1111111111, 111111111111.. 1100, 001, 919.
1111111011,81111111111111.,11. 111 , 01111111, 1
11111111, 1110111111, sace. 11,01.11, 915.
1111111111 lllbllolnecar„ 881011111-01111.
Andreas, 8111111111.. 11, lun.. 01111. 165.
11111111111, 8. 1111111111 0111111.,1015, 0111, 1101
nnn: 111111·111111
111,11111.,111,11’11111,111, ’
Anne isus. 111111111111..855,01, 155.
1111111111,1.ο111111.,111.11, 011111. 1111.
1111111111. 0110111111.. 1151011159.
1111111111 (8.), 03111111, 550, 111111, 115.
1111111111, 111. 111., 01111, 9511. “
111ῃί111 (8.). 11111111591, 11111, ’115.
1111111011, S. 01111 8111111.,11.111 . 101111·
1111111111, 8.Ρ111·1 0111111111.. 1055, 011, nl.
‘lsconun 11110111, 11 19,011.1’111, 1119.
1111111111011111111.. 815, 01111.10.’5.
1111111111, 8. neni 0111111111.. 1011, 011011
10111191101151,,15111111111
5111011111 (8 (.1111111111.,811, 0111, 551.
1111100111, Pennurgens ,111. 111. 010. 161.
8111111111. 8. 1111111011111111, 1111. 01111
9111111011111111111.. an. lnc ,0111111ῖί
011111011011111111111.. 1188, 01111, 81111.
1111111011, S. 811111,111111.,1110,0111111511
llnnln‘llllnnl‘nl'llllllllllffl
81111111, 111111111111.,’981. 0111111119.
1111111, 1131110110.. 1011011111011.
1111111111. 11111111, 881, 01111, 915.
0111111011, 1111110111, 111. 11, CXCVII, llll.
1111111111, sed. 111.. 150, 1011, 556.
novo. S. 1111111,1001.1“.11111,11111.
1111111111110 lne.. 161. 10111115.
011151101101 01111111, 1111. 11, 01011, 11105.
1111111(111111111111111111,1111. '
0110111111,1111111111, 5110,1111 111.
0111111111111. 1111111111.. 10510111. llll.
0111111 (11111111111111111111. 11511. 01111111
columbanus (8.1. 91111111.. llll, 11111. llll.
columbanus (8.1, 11110111, 8511, 011, 12111.
0011110111, 1111111111, 11510111111, 1119.
0111110111. 01 1111111111, 11111. 111, 010111, 190.
Constantinus, S symphorian 1011, 011111. 1511
111111111111 111.,111111111111.
011ο, 8. 1111111101,1111. 1111110111959.
9131111111, 8111011111’1.,.809, 1011, 1115.
1111111111. 11111510111111.. 600, 111111.
²²llllnnysius 13113111, loc. 111., 51011111911Χ
9111, S. 11111, 150. 1011811.
1111111011,11111·1111.. 1011101111. 1515.
5511011011. 1151111111.. 1050, 0111. 1501
05111011, 1111111111..1159, 0111111115.
1111111111. schonau 11111, 1168. 01011, 9.
0111110111, 111.,110, 1011 551.
Eglno, 8. 010 nel. 1155. 0111, 855.
1111111 (8.1, 1111011111111, 581.
Elias, de 011101, 11111111.. 19010011991.
011118. Columb. 81111111.,1111 111, 00111. 1
1111131111,1131111111, 10110111, 1511.
1110111111, 1111111111.,690,11111111, 1251.
0111010111, l. ine.. 109, 011111. 90.
51111011, nonaullam„ ll· 6, 0111111. 1501.
5111111011, 1111131111.. 111. 11, 1111, 1551
¹3lignislun, S. 111101.. 9111111111.. 1111011, filu G
l .
9111111111, lenissumus.. 1. inc. ,10111219

 

